0.000000000000000000e+00,2.554161298015191761e-01,2.314205675524015071e-01,1.387506921835132689e-01,1.671962651439422298e-01,2.028886052188343114e-01,1.988459030607892253e-01,1.771727515470741809e-01,2.509373131624741404e-01
2.554161298015191761e-01,0.000000000000000000e+00,4.664974555496763375e-02,1.465256329089801579e-01,9.752420746012371855e-02,6.871590416615844243e-02,7.346012996409144458e-02,1.011840760096864855e-01,5.904263475699859931e-02
2.314205675524015071e-01,4.664974555496763375e-02,0.000000000000000000e+00,1.265903698847224701e-01,8.380477209977703346e-02,6.623767127165099133e-02,6.895422857954007501e-02,9.018647837923300659e-02,8.016772340572654587e-02
1.387506921835132689e-01,1.465256329089801579e-01,1.265903698847224701e-01,0.000000000000000000e+00,6.317580570097237891e-02,8.449015715387545034e-02,7.960810402021512022e-02,5.506808630063354804e-02,1.336472332801042773e-01
1.671962651439422298e-01,9.752420746012371855e-02,8.380477209977703346e-02,6.317580570097237891e-02,0.000000000000000000e+00,3.747622426960894176e-02,4.154447195009015187e-02,4.255865445914273903e-02,8.618239296250301829e-02
2.028886052188343114e-01,6.871590416615844243e-02,6.623767127165099133e-02,8.449015715387545034e-02,3.747622426960894176e-02,0.000000000000000000e+00,2.265048805906799689e-02,4.059720576281765358e-02,5.163593466283738359e-02
1.988459030607892253e-01,7.346012996409144458e-02,6.895422857954007501e-02,7.960810402021512022e-02,4.154447195009015187e-02,2.265048805906799689e-02,0.000000000000000000e+00,3.212192392438453781e-02,5.528822782922750839e-02
1.771727515470741809e-01,1.011840760096864855e-01,9.018647837923300659e-02,5.506808630063354804e-02,4.255865445914273903e-02,4.059720576281765358e-02,3.212192392438453781e-02,0.000000000000000000e+00,8.470150382729020599e-02
2.509373131624741404e-01,5.904263475699859931e-02,8.016772340572654587e-02,1.336472332801042773e-01,8.618239296250301829e-02,5.163593466283738359e-02,5.528822782922750839e-02,8.470150382729020599e-02,0.000000000000000000e+00
